397
20075
13390
11051
13306
123
12217
14440
12675
13580
8344
14469
1214
10748
1912
175
7777
10700
4947
8676
14576
7668
3916
13814
10541
13299
1601
9572
5791
9603
9262
13632
5815
3247
1186
7526
1630
41
678
11526
11354
9912
14846
1529
20210
12200
12177
13033
11297
11514
3717
12573
6053
14649
9968
3942
6342
14647
11869
3523
14255
1036
631
9897
8172
477
144
3225
12201
13435
48
11335
320
12290
4845
14302
9065
8125
6694
14566
1697
6316
14584
10768
11708
13513
11062
7072
1217
13064
22
2609
1569
14581
8079
7108
13300
5921
3954
12304
11873
7967
14241
13578
9436
9783
681
8413
10162
1455
2037
12599
11176
3718
13398
14630
14619
4782
13672
6704
956
12051
5821
7523
12074
1582
2078
4589
11208
12871
10757
9725
14818
4679
14342
9027
9352
2510
9347
12112
5765
14267
6620
10419
77
2058
3196
11251
1859
914
9101
10187
9642
738
13207
7013
6603
6431
8151
11401
360
52
2039
1645
3794
10293
942
13491
8029
13238
215
14533
4914
9345
9618
1754
12137
14405
6454
5023
10714
3898
10069
13010
6042
14328
7679
11931
20064
11027
14424
9630
2600
7677
13148
13031
9775
5759
11615
2589
708
5820
1284
10775
8713
12984
6033
5569
1954
4775
5579
5741
10769
11004
10341
14084
3086
36
11084
5830
5768
14864
8209
1654
11315
5692
6059
4955
11911
1579
6464
11088
14147
14385
10662
7691
9742
7611
9350
12879
7578
12878
13345
5691
6259
11330
3222
11981
7982
11932
5024
9651
8174
5588
5734
6293
6266
7655
11865
13110
10789
5756
9648
9416
199
11832
4054
10429
8762
9833
922
10360
14379
9524
20093
6307
3508
12641
10222
6716
5048
10403
12884
10576
6037
12685
10002
13730
13524
14547
2070
14746
11257
12541
7918
5534
11191
343
5570
14231
10526
12162
8349
9384
1852
12029
6048
1444
13181
5872
1542
6641
994
10465
6631
3079
14498
10738
10787
14491
7039
14437
703
3588
20074
10306
498
9223
4876
14025
920
9004
7682
3136
4683
4608
154
1565
12468
13826
6683
13018
10553
3204
10397
287
6
6577
7085
13346
1903
7870
538
5972
4594
9735
9941
14763
13213
13733
7819
2190
14537
8228
3124
13530
619
1148
1910
8469
9099
8582
13612
11787
7856
14668
8302
6465
10495
11437
9534
13577
5698
4550
8823
14459
10649
1727
1756
715
13835
12643
10443
3778
3591
13565
5697
12213
6075
1438
14594
13623
5911
4880
12978
4596
3501
8796
13422
14127
10712
3164
20078
8046
12751
12234
9045
1143
14132
14293
6339
5956
10210
642
14339
3836
403
6045
931
810
856
5617
8304
5735
7607
10237
14317
34
11019
885
14622
14131
10088
5006
10580
10470
11577
13659
14296
9591
13570
9192
12202
5632
6470
9434
302
13129
13531
1461
214
11868
9116
13074
12886
12277
10427
1220
5927
1
790
375
4820
10401
2032
7599
1712
11975
13162
9506
4518
8176
8431
11368
10191
13380
10779
951
12526
524
12794
11107
11227
3961
20031
2017
14146
1778
10730
11140
3191
4711
10569
12179
3541
10736
1520
20183
10668
5105
10153
9975
1270
3608
3865
12019
9005
10013
3614
14847
541
11889
9953
10196
6017
6441
4831
8231
13502
11309
12258
7798
6419
12638
13850
3649
12188
1368
10176
5700
13194
20071
8421
1797
10150
4907
10102
10533
12943
1700
11018
7832
7529
705
939
11851
12291
3535
3964
9318
20084
7806
13643
9782
20000
11430
1854
741
13332
6580
5731
11028
13284
4787
10004
1321
12574
3505
3181
1718
14246
2091
9448
4575
6028
11201
6302
3226
11723
20019
12896
3761
13135
9113
14113
794
5047
2149
6588
2057
10063
12790
1376
10458
6228
2131
5559
11756
1837
12845
13391
3658
2523
12677
14236
10092
1844
13338
4015
12270
11527
3971
3624
1095
3182
4674
5604
10195
13859
1877
9970
9548
5958
5038
13279
7571
5658
11256
10378
9959
12415
12697
11381
3516
4976
13008
10707
13771
7940
116
7522
7501
3210
12625
13305
12747
11078
13737
9805
3256
14595
11655
9030
2562
13222
5752
14341
736
11005
12208
14251
9285
14455
3085
986
12527
8400
11410
4680
12789
13370
8158
8066
499
3594
13133
3665
1732
7980
10441
13409
7071
5121
13163
1908
10620
9985
13861
14945
2579
2551
445
11185
14877
3801
6570
8264
5607
5156
1781
3046
72
381
14387
312
11694
14970
12642
11650
11011
11303
3759
10771
11754
14853
8212
9661
11566
12488
11623
12278
9158
4851
3566
10016
14855
6321
6256
1366
10695
3121
20168
797
4748
10216
7627
12281
13072
5672
14368
13483
12665
13245
10413
10119
591
7037
259
851
6726
2515
5890
14192
9491
6608
7073
14376
14757
14611
11775
8119
11662
13764
14620
14157
14018
11380
1605
7949
7051
13303
12412
1672
7712
3943
6367
13019
1847
11475
5615
665
11026
1950
2569
14875
5926
14781
968
1828
10275
3597
9024
58
11347
2055
10272
8634
1858
11971
2573
12596
11645
10741
5140
13862
9766
5942
13193
5961
11959
11599
13466
6191
12257
11477
7910
6652
10126
5974
12597
1029
13607
5031
6332
9175
3207
7700
1391
10530
9392
11244
975
1472
1589
12060
6297
11067
8368
971
1547
20147
518
7869
10589
7713
10352
2079
11340
14388
13404
7773
2164
14309
9730
7838
10570
11068
1966
13081
14900
14612
9722
12286
1937
13820
3838
9040
10394
1169
14070
13671
1107
5907
13548
5067
14166
6100
12121
8341
13274
4068
4761
11081
1942
12875
10487
902
5066
6058
10602
1923
384
3704
1584
2080
4954
11494
14714
1737
1018
1548
3141
20102
1856
7675
5501
679
6542
13204
3061
4693
11797
3215
8612
1503
3522
11746
10236
6705
8425
13136
10037
12946
10409
14644
11298
12652
7014
12880
6724
11271
8517
14074
14809
6568
7941
14793
11877
6159
164
10772
3845
6072
1457
13781
11885
958
8098
11689
14005
2177
10778
8584
14247
10211
12617
2528
8164
20083
1059
8569
11141
8502
20062
8321
13742
6262
9719
12487
11357
14608
231
14051
10719
7699
13827
4690
10512
8736
9689
10220
248
9034
12695
1102
12481
1282
9881
6638
7915
230
6220
12206
12546
1146
9535
150
13281
1570
11834
4896
9038
943
10450
11125
10105
1951
3133
14484
2596
8593
10093
6309
5718
3892
13013
13550
12844
11761
13816
2073
9185
3542
12828
4013
6660
1014
1280
5753
11677
14240
5788
294
12101
8430
10699
9057
10302
2586
4974
13554
11841
11683
6122
12249
2571
8085
9479
11578
9993
10242
6187
643
5901
3918
4860
12003
10636
1248
20085
1883
12796
788
9672
3869
4973
3529
20092
8406
1331
13693
14859
3875
12224
7075
13118
5774
7587
11345
10547
862
10155
6589
6545
13772
13205
6327
7768
13171
10108
4607
14156
3891
253
12459
3868
4727
729
3925
13179
1594
11442
10007
20018
1841
7590
5587
5657
172
9894
20017
7506
7841
10436
11545
14888
11123
12874
13385
5552
13573
12449
10217
13525
8675
11035
12284
1269
748
6596
4884
967
10006
157
14038
285
59
2027
4523
3864
10319
6453
10271
12163
7805
14705
6428
1041
11127
6480
10203
14343
858
12782
11488
14597
4739
13706
13535
13397
7729
11563
5946
4586
372
4753
6462
8032
12539
7519
859
8773
10097
4944
12446
7658
11420
10380
14024
9655
8702
11376
4746
1007
14352
5082
12581
1241
4788
8083
4815
11718
8639
2559
14272
13774
7513
9749
11588
728
7092
10141
361
13648
12211
3919
12616
11200
6280
14590
10231
12294
12563
7822
2563
10008
12283
10142
13727
8684
11006
479
5078
13319
12700
11515
784
12834
14707
241
6334
7009
13847
14971
3512
5049
407
5027
13436
3671
14353
9174
14725
14008
2582
6467
12949
12823
13434
416
2100
7005
14182
8663
2142
1030
12781
10381
8208
13264
10640
9835
13071
10433
11758
6541
13598
12534
7673
10290
14445
11696
1279
4553
5661
954
938
1412
8178
1653
19
1088
7036
8571
6311
6276
14049
488
10540
10468
5916
11487
1106
6556
8600
6443
313
9931
12209
3910
4967
9652
7598
14771
1075
11875
7660
1970
8205
4525
13451
13603
8314
8609
11897
10438
1789
7550
14530
14087
1641
9831
10678
6144
823
8416
9495
12500
10659
12529
3873
11809
8199
9860
7761
12079
5912
3750
1067
14869
4039
8230
20223
13161
3652
14432
1071
10249
12237
13361
10321
12965
12443
12444
14250
9300
14363
10560
2553
6675
4712
4595
8333
1191
4723
10046
10353
9394
793
11038
9946
11529
12840
5965
13842
14176
675
8792
10023
3590
9936
4010
14708
5115
14408
11243
1193
183
11880
13343
11449
9245
9465
20004
753
10180
1364
10749
11058
1914
1660
6076
5677
1886
13344
8465
11108
6398
11811
1099
14715
1809
14297
5060
14331
14076
12903
12727
6550
6463
20032
1816
12002
6697
5859
8192
11007
4849
10128
14795
9035
13292
1109
5098
6395
11625
3520
13416
1429
14360
11693
10136
11101
6355
11280
6529
6165
1525
7103
5592
3510
11801
11891
6044
10369
11311
12967
10647
905
12735
9309
4509
13500
11021
13117
12509
1397
6606
11450
8189
12919
20088
10391
1539
4991
13009
13697
11365
9232
12049
4871
12453
449
20149
13039
1285
14158
1875
20014
3935
9279
11348
13836
7961
1843
14172
6356
7981
1896
12084
3162
9237
5806
12244
3667
10127
3573
13711
12262
11866
13066
1199
12803
3006
11826
9961
1510
6110
3913
4971
10129
5971
10291
1606
10234
7624
6148
5575
12454
12786
5111
7854
652
7690
9019
7722
14691
10303
837
502
6263
1879
8724
1398
11404
18
7894
1142
8577
7610
2193
4772
14064
5046
9464
12480
1394
20125
13239
7048
1772
11412
11017
9705
1646
7835
5094
6414
801
11375
2
9098
908
11846
555
8216
3846
2196
20091
3895
7671
11104
20059
14402
5110
7820
271
7809
8328
14189
13470
6521
8395
12489
9304
1924
11856
7046
11317
1794
1468
11319
12197
13309
10278
709
4552
11158
13083
8392
13137
9555
11790
9872
6003
13704
11218
107
6484
12979
14188
2512
7705
14308
7756
9905
9964
7724
5777
3917
13169
1834
13201
3976
392
11301
7802
11749
8741
8285
13251
5609
11453
932
8636
9269
2532
2526
1470
9209
7689
8292
8815
11926
11818
11232
3716
12813
13735
10731
9017
6094
11436
13647
12008
590
5728
11438
12507
14315
14092
3984
9292
12793
14840
1035
3209
12598
12761
14235
1694
12027
7549
10161
14616
8237
4726
6245
366
413
1250
8134
5747
5586
5043
13290
14563
12890
11177
8072
6655
14638
14409
11709
9489
20022
3776
4675
14766
6703
8426
9121
638
11361
6306
14474
2001
1850
5044
12620
13723
5689
2580
3707
358
10422
7752
1803
14552
13177
5620
13766
9058
3827
3796
6552
9770
4786
10498
11320
3180
11122
13023
9456
6030
13226
6290
3032
4929
3858
8535
725
8757
11765
251
12819
20035
4501
1823
11130
6074
12036
12077
1034
6452
13230
6617
12501
12732
6268
11079
3078
3867
12216
11180
11440
13209
672
1511
6734
7862
8544
10565
1345
11182
13167
7062
4021
2145
5540
6023
4673
14298
8381
1740
8028
13600
6126
1748
9516
5887
12968
7701
3912
12817
11195
5906
7050
13829
13805
7772
569
5875
9417
7077
6373
10587
14061
4011
7763
596
14197
11112
2163
11041
14206
12214
11925
13372
11095
7018
8175
14500
12867
7879
6457
4609
13719
11374
13354
4708
14751
9312
5603
13017
12082
8805
3967
3159
1432
9488
13720
12014
14807
1815
12428
10252
9885
14694
9611
194
5616
5705
10550
7559
14195
13311
11196
11160
10238
2575
9532
6626
1609
8752
3904
10616
11478
12190
521
11153
10626
5767
1563
20060
13067
712
1215
4990
13100
13285
5533
14787
6145
1839
10538
9650
756
8397
10432
5558
13538
11049
5058
8217
10219
13368
4898
10363
8721
1846
9556
6184
8737
10316
14790
14254
13225
5742
188
11860
1603
12853
11573
12868
1611
4773
14804
13012
1968
10043
6712
13313
11649
12557
1921
9007
7965
10070
745
1688
5682
10340
6649
13403
288
9274
10028
11551
11382
6514
9844
12117
8281
8220
9490
7710
10435
14270
3519
8311
626
11664
20002
2052
8129
5957
14311
12187
11189
9242
10010
5083
8816
716
11678
7923
6275
10759
169
11493
13843
12483
10047
12576
4796
13052
5018
674
3598
2143
11069
8252
869
8734
11237
13316
20096
8471
6225
13146
141
2135
12676
12530
8021
12889
2566
6252
8372
11947
11647
93
11772
11643
2084
6212
2123
11697
10131
11936
6668
13075
949
13105
12644
6211
7041
1426
3160
14797
6232
12203
585
11206
634
500
10034
14605
12171
693
6616
6234
5572
1140
4695
5977
9680
1100
763
9135
14535
13312
3077
7912
9212
6665
13714
8472
5984
13460
4058
14599
4877
14245
242
9362
1245
4017
1770
6389
3179
5050
8166
3860
11032
12678
3702
7595
4890
10167
11674
5861
193
3147
1652
4874
12
20077
20050
12545
11919
14805
1283
4529
14623
8545
11400
8096
13512
2053
3963
6681
10026
11730
9604
1121
14050
12555
3503
6041
7119
6376
10572
10519
12804
14736
11594
10389
13677
10632
12222
10209
9284
9238
8604
12912
1869
13528
1530
1162
10727
10199
1052
13168
8706
8356
11399
3735
12062
12535
11281
1639
7547
12799
8323
2036
1111
14350
843
4724
10149
13624
10650
11296
43
10586
9066
10301
777
10267
1500
8371
6387
6427
10135
12496
4535
11168
14390
13342
3876
10783
1644
5991
13457
5504
14556
11845
9106
10160
12775
14706
11653
6160
6085
7088
1051
90
11613
10762
8224
50
1070
6360
14648
7760
10457
5690
14946
1836
20005
6013
11621
10349
9564
9367
9117
13589
3097
10022
225
9977
8718
9485
7758
799
13235
12624
12441
13157
3720
14917
11766
12872
5773
4968
3517
5701
4829
2015
3637
7795
12512
1730
6151
3692
5715
3015
10619
3500
14403
9646
6324
10415
2583
5135
10579
8268
789
11378
5988
7696
12071
7095
9314
5070
4619
9455
3691
10362
14678
10241
14410
13795
7727
11353
14589
8350
13386
11656
10615
12158
10156
1900
13153
13627
5996
5712
13740
6572
562
8622
9875
13003
1783
9342
9334
12769
8105
783
5642
12777
9215
14596
12289
12582
13568
12745
10516
4915
10035
4836
9504
8685
11606
12821
12130
13090
522
207
6522
20063
11013
11724
13328
9862
13197
7924
7572
13124
3066
10440
3144
687
2530
2516
7791
8059
6269
13073
4014
566
13787
8731
6658
551
7672
5915
3
1089
13516
1187
9928
9849
8002
11810
10118
7029
14316
4066
12852
10510
11902
1152
9526
10408
1876
4848
1523
5599
4793
5793
11131
5680
10
11701
14129
14124
4752
2565
8299
11559
12245
8089
10251
655
9493
14910
13
3651
10262
3890
8249
189
2089
13821
9686
9681
10676
10315
4946
8394
11774
8674
7767
11750
9244
1153
14929
1475
9852
6394
11479
9346
12219
14334
13488
12705
2570
12623
9743
3502
10152
11508
12242
821
437
6602
6279
10334
1849
8645
2176
6732
752
12883
13113
13429
13278
10075
7004
7955
8803
1047
10666
9055
10765
6066
6684
14047
1357
10545
7864
20072
11406
20030
4825
2577
1166
3944
12684
12466
14438
918
13186
13556
9785
13420
6313
9157
9002
12930
6661
4579
12888
10428
6172
10543
9016
12566
3736
10514
5881
14967
6595
774
12106
7665
13818
8194
14416
10507
1945
11128
8155
5748
11252
11953
1315
12918
20033
10044
4808
6632
12592
13710
11460
11154
11927
10546
1116
12866
1514
9677
5580
10122
8653
11308
8091
3068
7787
1763
9675
11533
7647
3941
1227
10770
10735
334
11211
7067
6739
13261
9433
1765
11071
9837
5885
8744
12424
2031
6081
548
11511
10796
14692
130
690
11193
6182
1572
1833
12103
5602
8422
3880
9989
1895
103
10733
1829
13590
6503
448
6558
13044
9028
1286
1553
12969
4591
7876
1354
14823
1975
11948
14838
3791
263
10635
14155
7567
6007
12083
1692
3679
8358
6208
10224
3817
11053
33
3024
3909
5801
4817
6299
13626
3782
6351
5722
9537
12135
13021
3947
1042
13388
8532
8774
13022
11536
6273
1401
1402
4745
1077
12042
12940
11651
14396
11825
12561
14219
2194
11952
651
10782
11699
1213
10571
4933
4676
4002
1343
10151
5968
2185
10479
11000
10755
812
5879
10490
8121
7594
3118
12093
2172
6592
8396
7731
621
10297
13459
1165
9868
13438
6507
12718
10348
8548
8583
9529
1801
9097
12410
1469
14310
10190
12712
12403
6690
8235
11072
5966
1019
13142
5985
12417
13195
10039
8262
14065
11377
6036
14848
11263
12045
2129
4792
12533
429
14044
13406
11964
3814
4677
11644
10147
9935
11169
10689
7813
1232
3249
13639
10410
7076
2011
3694
12743
2148
13685
1941
1595
1967
14816
222
13654
11716
9230
4951
9685
9042
11827
12231
935
6162
1192
486
5639
3775
5509
7694
7964
4698
10414
14068
14404
7509
13702
6642
6123
1767
3660
7044
6388
11965
11172
11046
12050
12020
1524
6442
4026
8213
11553
12577
13644
3653
12215
10082
14973
1221
14346
3531
11740
14559
989
3790
7008
6645
12023
470
12085
13579
12585
1851
1976
9134
6672
160
14490
4931
12870
14832
14812
8385
9393
12076
13334
4813
12040
6310
10084
336
1361
14026
12586
9639
14040
13426
7769
9093
9050
13738
6282
10599
92
8407
8263
11255
3871
11949
5564
4903
11221
12654
14938
12860
11272
12568
616
5779
11565
12089
5770
11896
12252
1551
12152
1456
4617
14538
13811
13355
1485
6230
13684
575
2111
8060
11397
6286
2564
11418
4936
4846
8700
6637
1838
12815
4707
7823
7901
10392
4542
10058
86
1784
11
13839
12059
10059
9143
9795
11439
7645
4741
5751
747
13717
4044
8329
3102
3229
4709
6337
12653
10605
1916
13552
20043
13053
3092
1576
7063
1216
4667
9590
11262
4766
7049
7556
10722
14627
11390
10723
11862
10052
1636
11859
7718
13294
233
11023
1650
4905
20076
2519
6706
3087
12770
11299
20001
5668
12115
717
11714
865
8335
11555
339
14041
208
1242
13715
13450
1235
12569
4855
20132
9893
11242
4530
13817
511
911
5678
12611
13793
5909
3040
9623
11486
13837
767
9751
9140
12285
4847
14043
11421
5055
11587
12176
9453
6090
10372
11530
8258
9247
11118
12107
7553
5063
11686
8100
3240
20068
5503
7958
10618
9154
1988
7650
13575
6405
14394
3530
929
11512
1437
14665
14965
10330
9703
8338
14754
4850
5014
7084
8117
8572
12951
14749
9461
2539
